month,SPI=-2.0,SPI=-1.5,SPI=-1.0,SPI=+1.0,SPI=+1.5,SPI=+2.0,SPI=+4.0
1.0,5.754988872582168,12.979959271327415,25.947590656805332,175.40453322590656,244.83113455200117,329.10057266606225,329.10057266606225
2.0,5.469583244451745,12.570902893045192,25.50287809852842,177.85681084393806,249.18795415821117,335.93389670725753,335.93389670725753
3.0,5.1322739002403965,12.036286818115501,24.80647879744459,178.83411640779875,251.5506459993521,340.15828634105026,340.15828634105026
4.0,5.519935788781271,12.671306575912059,25.68230117198025,178.75156885071146,250.3817199482448,337.4807574428757,337.4807574428757
5.0,5.10653727474386,12.003734868318148,24.784211511428868,179.3526474171824,252.39359926596674,341.4167679902464,341.4167679902464
6.0,4.9116935408773035,11.640354621474204,24.18750580770749,177.3828720973708,250.01570233248464,338.6118612909733,338.6118612909733
7.0,4.895398077312561,11.616232091389296,24.160905828743036,177.54881698342948,250.30975652354056,339.0729282067032,339.0729282067032
8.0,4.886779080970318,11.60255353111272,24.143450571466747,177.58944754335948,250.39516091918398,339.2179785356555,339.2179785356555
9.0,5.077727164750932,11.828440853177263,24.250286007294232,172.90627245388686,242.89357775459192,328.11911505878936,328.11911505878936
10.0,5.045317214248361,11.744447289355989,24.064493413257775,171.3781415631135,240.71288500948344,325.1377548448136,325.1377548448136
11.0,5.181031931150788,11.970603621132907,24.38519150831484,171.54363039117356,240.5925783412484,324.60724681910153,324.60724681910153
12.0,6.212334013214916,13.63433188284469,26.679464737805592,172.32206653060177,239.19730698872857,320.14138665293143,320.14138665293143
13.0,6.4403260063888315,14.042495305457994,27.33748156584617,174.64036241574314,242.087719244888,323.66808613375053,323.66808613375053
14.0,6.695848251733017,14.37811442813914,27.656987873211033,172.17869896813892,237.91489016500356,317.29624063825656,317.29624063825656
15.0,6.330640087520412,13.709721115610762,26.547531271084228,167.6598631199516,232.0827458049716,309.94872499407165,309.94872499407165
16.0,6.165616489102028,13.367954237102019,25.90947880754158,163.95320846731838,227.00709794851207,303.22788062014655,303.22788062014655
17.0,6.2320925409453185,13.445135111933284,25.95767889549828,162.88612812417486,225.29584178290676,300.698037120788,300.698037120788
18.0,6.495334313381471,13.834116635756455,26.440424318326052,162.33967711692702,223.9331238560586,298.2463439397002,298.2463439397002
19.0,6.067831400361842,13.205991179552749,25.671930746669176,163.4931323857057,226.548896210997,302.8026260085784,302.8026260085784
20.0,6.06499568658834,13.105694792226922,25.334296417910867,159.40692261768658,220.5577354394372,294.4516258653477,294.4516258653477
21.0,4.811886037702909,11.102227397337334,22.591630398019888,158.56247190880674,222.32532467944512,299.8974319203767,299.8974319203767
22.0,5.726511144690154,12.506967969228528,24.380087002258307,156.18594727299754,216.58097789410476,289.644135685063,289.644135685063
23.0,5.339995515200987,11.974336785456106,23.828923481172684,159.53742073001717,222.4237207524073,298.70938261162377,298.70938261162377
24.0,5.476055414239053,12.253586157795391,24.344437631061457,162.41807837949753,226.34342610924853,303.8727643924883,303.8727643924883
25.0,6.1163914074827765,13.241753512394654,25.635299624430683,161.81643754054713,223.97993127530995,299.112649630563,299.112649630563
26.0,5.547507405501022,12.396437102371657,24.601779179905925,163.75993781915852,228.14997653353615,306.2318754896575,306.2318754896575
27.0,7.05359030792322,14.689803898588654,27.584686921345796,162.99536364534003,223.7593399942173,296.89157889751283,296.89157889751283
28.0,7.567867858124407,15.423999821137409,28.47433731151063,162.09354945101296,221.47079412770222,292.7605249706165,292.7605249706165
29.0,7.898651982995526,15.889951539601723,29.0345342084331,161.57929455538292,220.12814117777768,290.3182337586321,290.3182337586321
30.0,9.487385683966037,18.14883126929847,31.864944524275856,162.21623575927154,218.44215369789904,285.4430094403296,285.4430094403296
31.0,10.003498783480438,18.75303016874677,32.40009795385728,159.03255566423397,213.11708931485276,277.40329592457806,277.40329592457806
32.0,9.394386195676322,17.831615892131875,31.114840173247547,156.19749895031143,209.94723546767892,273.9355565083312,273.9355565083312
33.0,9.737099252954522,18.287377771204913,31.642122723065345,155.83325542902753,208.92346392435437,272.042564417095,272.042564417095
34.0,8.93330028979029,17.19809732927598,30.348884293576983,156.27024592662573,210.7525338197892,275.726475220182,275.726475220182
35.0,8.53688379775755,16.721180928816473,29.914276941382347,158.8366405148625,215.0787513349105,282.29175156837,282.29175156837
36.0,8.203574337692228,16.32957007844298,29.58911147349783,161.64123021174038,219.6866643064812,289.1874473711512,289.1874473711512
37.0,6.792765413481585,14.366161546197066,27.305845842259988,165.6566207047709,228.16693017447184,303.5286738782065,303.5286738782065
38.0,5.253344840661015,12.054886137314128,24.425893967374417,169.90346423922483,237.97059486962547,320.73410453584313,320.73410453584313
39.0,7.373837622649485,15.427470367038415,29.07486102671302,173.16017603850162,237.94974862796863,315.96668932493424,315.96668932493424
40.0,5.6631149064944655,12.833181220470605,25.749088190623173,175.43094105862596,245.0998738633065,329.704031850498,329.704031850498
41.0,6.633887009435443,14.282669997389686,27.530330128997853,172.15691758584813,238.01652128342513,317.56937749483257,317.56937749483257
42.0,5.565610905192272,12.632429149709411,25.378038364492173,173.36200665751463,242.2868253312004,326.0009223400601,326.0009223400601
43.0,8.603657021173614,17.127288175885806,31.036488658001534,169.57127611659078,230.4684763790078,303.38449299193184,303.38449299193184
44.0,8.373414442285412,16.869271854875713,30.85899387167981,172.16392034602163,234.62379028974073,309.51498324760337,309.51498324760337
45.0,8.547233925796833,17.113436020431138,31.153224583701903,171.93958007341888,233.9927737215676,308.34305952281,308.34305952281
46.0,5.990676355535851,13.352844654865027,26.447298162129215,175.3020026749649,244.10479526127963,327.5159912708499,327.5159912708499
47.0,5.208592555009012,12.150181564577508,24.9369846798004,178.20862114206756,250.41018000929043,338.3441366143362,338.3441366143362
48.0,4.812218890717998,11.500463271701268,24.05333597923902,178.8190155674553,252.4451162529397,342.32552169667633,342.32552169667633
49.0,4.928720041580312,11.671211940872354,24.236244882456372,177.50479924896018,250.14836441303578,338.75062433905117,338.75062433905117
50.0,4.270841071955286,10.588447397976061,22.78861480273089,179.774026974911,255.5562431480299,348.3908980388878,348.3908980388878
51.0,5.026100511673122,11.870570660693643,24.599737184853407,179.3961092237629,252.68553557114447,342.0527055031161,342.0527055031161
52.0,5.178139031121077,12.134972841984697,24.995595672477805,179.9819564464737,253.1292377116901,342.2553739251639,342.2553739251639
53.0,5.828377101050646,13.14332751731966,26.270804019653582,177.541139499418,247.80526927939866,333.0898688930071,333.0898688930071
54.0,5.161821021198291,12.018012864976045,24.62882324649747,175.45382295291745,246.44696889095513,332.8928607320269,332.8928607320269
55.0,5.281789334233823,12.208551987269052,24.878115279466282,175.13278079227942,245.6468108269106,331.4477046176107,331.4477046176107
56.0,4.9685127690946524,11.602626587070413,23.83320865593625,170.62145160192338,239.79940356447108,324.0598533579847,324.0598533579847
57.0,4.334748894155635,10.495965692306893,22.17770951585448,168.41558800208696,238.3514964519225,323.83409236023294,323.83409236023294
58.0,4.304115124060778,10.380730892237368,21.866843924629634,164.9966208083241,233.33809933429208,316.8404147174767,316.8404147174767
59.0,3.9075965730812223,9.688300964375,20.852017396670437,164.50824272775088,233.85720068913756,318.81133851624946,318.81133851624946
60.0,4.312173880902546,10.356859809749231,21.74571255984286,162.97595680146372,230.29764138476787,312.5211149291628,312.5211149291628
61.0,4.257741948346134,10.277433879849264,21.663292532426414,163.68122845010285,231.51442592983702,314.40228226762184,314.40228226762184
62.0,4.030599711546155,9.895551584857515,21.135751122228566,164.13144033569793,232.8943740515036,317.0532641219362,317.0532641219362
63.0,4.0776255379400865,9.901205234087369,20.966926140521643,159.947600413177,226.4875841513597,307.8410870086102,307.8410870086102
64.0,4.196952463780146,10.051109189207393,21.056370566454277,157.07269357830728,221.83387878589025,300.9082088658571,300.9082088658571
65.0,3.868733853948993,9.424387328675468,20.007524201941216,153.42803253787275,217.38826457046588,295.61163632315305,295.61163632315305
66.0,4.410849020973282,10.224745515439144,20.88238515249298,147.7000416301463,207.28568144972118,279.8096700569664,279.8096700569664
67.0,5.339663318998559,11.612929548539972,22.562460652256142,143.51785547305334,198.8401529558014,265.7367076529169,265.7367076529169
68.0,5.278860441848893,11.433907066136959,22.143580376831693,139.88682984500574,193.64482626546194,258.6216507034658,258.6216507034658
69.0,5.704027599988134,11.949752425478362,22.5442232065397,134.5713769541314,184.97545081698152,245.67885799279577,245.67885799279577
70.0,6.17806473390696,12.542744640347914,23.084509311912985,130.52968090764952,178.19126207501046,235.38955672954674,235.38955672954674
71.0,5.566162121385041,11.628315789236048,21.889499465166672,130.0375330991515,178.63550873286704,237.14565256898055,237.14565256898055
72.0,5.552739983518666,11.606208000989694,21.8566778706352,129.9564336251527,178.54380996657378,237.04450293046654,237.04450293046654
73.0,5.081986707009509,10.854722902197507,20.79248305111757,128.28070967429642,177.05835200056794,235.92725734356742,235.92725734356742
74.0,4.619265768148846,10.065870012798587,19.586783150726728,125.00139252082437,173.25648298194739,231.61934800053405,231.61934800053405
75.0,4.677247256729658,10.112217702408856,19.555683830740684,123.15555221693563,170.41838345167255,227.53338224590797,227.53338224590797
76.0,3.7696901192319423,8.683205657874668,17.646342547720014,123.51549760687547,173.12826763908322,233.47580282872352,233.47580282872352
77.0,5.076765861069721,10.670597837999793,20.18300753593025,121.15488245592704,166.65125199996942,221.46393450292942,221.46393450292942
78.0,5.402887965433084,11.120234168874857,20.68873326271802,119.79196762825555,164.02807978638089,217.19813139732136,217.19813139732136
79.0,4.469860228220304,9.772855192198884,19.066448293492122,122.36561078084944,169.72038899870287,227.01451131006309,227.01451131006309
80.0,5.5847179066420205,11.411818464466284,21.110723488353695,120.71878606634856,165.0348148454578,218.2574499467811,218.2574499467811
81.0,6.231037301732522,12.294442235630882,22.12280576909891,118.99621564681688,161.4032481961413,212.1266737729996,212.1266737729996
82.0,5.502616642083475,11.22796551670554,20.747165898912822,118.34574360129392,161.73942649339145,213.8458590913798,213.8458590913798
83.0,5.485174308480031,11.099921977304533,20.376719698628804,114.56943292973277,156.29016320266282,206.34023417970178,206.34023417970178
84.0,5.288388290124609,10.788152356244028,19.930560355582358,113.63861902932896,155.29779565862606,205.32004419710537,205.32004419710537
85.0,4.923481907694929,10.25709592106401,19.2660054118207,113.90691958937367,156.38234459203971,207.50538433339906,207.50538433339906
86.0,5.195920392775513,10.735289920735159,20.032940526484662,116.76381321952914,160.0157591359906,212.0252655201987,212.0252655201987
87.0,5.292518450131945,10.88566979159859,20.241486943966244,117.06480805708343,160.26995430077565,212.19684806556475,212.19684806556475
88.0,5.285344186097258,10.861389458693257,20.18238711238682,116.54637265180655,159.52948290113653,211.18441137447357,211.18441137447357
89.0,5.333498276782874,10.934859582720723,20.281642340979197,116.64901751456702,159.588273906153,211.17692642220445,211.17692642220445
90.0,5.236573359198537,10.721793566917825,19.86549067812246,113.99140129579335,155.9064350954073,206.25692559897644,206.25692559897644
91.0,5.473208659399789,11.035468651308092,20.200246663782313,112.85906400706942,153.83172518383304,202.9637721139241,202.9637721139241
92.0,5.407822469302759,10.860814212956598,19.818834365910305,109.9700182703763,149.7614972920457,197.45541393339394,197.45541393339394
93.0,5.4971490417713955,10.97829948157086,19.944356341349454,109.582586526441,149.04463917885266,196.3127484448554,196.3127484448554
94.0,5.9243082642611995,11.626157298183218,20.830813625447064,110.98105838210411,150.3445027695477,197.3971560702979,197.3971560702979
95.0,6.136746404405554,11.985918670866583,21.394613059358054,113.02889308518925,152.950357418606,200.64285749654798,200.64285749654798
96.0,6.666855361121231,12.741923828661134,22.35584036423159,113.62552308130525,152.97689058037454,199.8642396780001,199.8642396780001
97.0,7.452292516711114,13.82844171666405,23.697923971293307,114.17666596428325,152.62457895144163,198.26510895458375,198.26510895458375
98.0,8.12969663919396,14.759482877659506,24.855662857110918,115.04336682619767,152.9474834614309,197.8142273889049,197.8142273889049
99.0,8.317526165941253,15.022966785678722,25.195303743817938,115.50857213711338,153.365597839668,198.1458823815744,198.1458823815744
100.0,8.337167030948564,14.981669299203078,25.02330895396187,113.63521578662284,150.6814888408978,194.4726942965589,194.4726942965589
101.0,7.8529421754623225,14.310719824106844,24.17253271584524,112.66118281259183,149.92249489626357,194.05030672203935,194.05030672203935
102.0,8.072887805869618,14.52547237183039,24.286421453142296,110.55370889220495,146.64373637091808,189.31199563694412,189.31199563694412
103.0,7.8554359932035664,14.211645160927777,23.865970191961395,109.74768863703395,145.77742193944576,188.4055814342658,188.4055814342658
104.0,7.242319471939349,13.403417087155342,22.921247104346964,109.90382866312666,146.8174129981244,190.62168385285503,190.62168385285503
105.0,6.570418130387561,12.526668443012872,21.935109037524644,110.99437125749921,149.3467916545475,195.0299357067844,195.0299357067844
106.0,7.910905397724428,14.332927469073564,24.097832109684564,111.11439422507793,147.64754731056018,190.8797409926881,190.8797409926881
107.0,7.247610904274053,13.392632099885963,22.874744759358595,109.37329420327782,146.05325862934436,189.5716601078704,189.5716601078704
108.0,6.729829496530601,12.638539825205145,21.86693785266299,107.67873536772767,144.3610345833505,187.9723563366366,187.9723563366366
109.0,6.331865313607713,12.014053090848034,20.957313535690524,105.13466266556372,141.3001469447469,184.35262418652954,184.35262418652954
110.0,5.820511328435675,11.235862919284475,19.870243651766547,102.81068569568508,138.7431974686496,181.60942469864017,181.60942469864017
111.0,5.156806699001369,10.275971016104103,18.63597504011938,101.99947464511166,138.66161294351593,182.56465018093047,182.56465018093047
112.0,5.251855520212699,10.388833909661878,18.73153925324367,101.2080162184444,137.35585475244383,180.60563829935086,180.60563829935086
113.0,5.436728536644133,10.638890828622477,19.018832976795824,100.81658393722871,136.4847818694524,179.1058041087645,179.1058041087645
114.0,5.350662905284088,10.49899454882869,18.809248980624048,100.18685490638767,135.71753287598457,178.18804928602688,178.18804928602688
115.0,6.01967405334587,11.251336607127659,19.393313948980175,94.67868935779101,126.78582422514177,164.93476395321014,164.93476395321014
116.0,6.478764753707194,11.78834404456767,19.887423134934963,92.42647131592587,122.94771891827362,159.086057330625,159.086057330625
117.0,7.498438926804483,13.061438725199714,21.27674350666882,91.12510634826612,119.85334776150187,153.6665476508562,153.6665476508562
118.0,7.836985886259474,13.471326024603613,21.71086800913851,90.65940386782802,118.81581538014433,151.89331019661665,151.89331019661665
119.0,8.330899549773038,14.008641647814933,22.178160927412407,88.7523764607428,115.61230380518042,147.06493962982069,147.06493962982069
120.0,8.323468385412161,14.033541506388248,22.26571614507024,89.56696129869717,116.76053459719975,148.61653972552983,148.61653972552983
121.0,8.726565836805234,14.558717053189907,22.90194399271848,90.24679588671552,117.29800082274228,148.93706555592,148.93706555592
122.0,10.092451600581681,16.258600115390273,24.856669816875396,91.3697489057772,117.5548047544065,148.0140651223038,148.0140651223038
123.0,9.517419443995866,15.644790144591799,24.315727771989486,93.0611066407354,120.44381816574827,152.3979883833523,152.3979883833523
124.0,8.792899953311018,14.802882213538206,23.45792052293386,94.0887612805423,122.60400092447645,156.00084238729,156.00084238729
125.0,8.572314454708755,14.475097310931249,22.99462484341293,92.77301777268526,120.99129379874958,154.05516254502604,154.05516254502604
126.0,9.240541456259733,15.267663887389043,23.828800656194407,92.12690726124517,119.41115536254469,151.27565098778587,151.27565098778587
127.0,9.231838658146696,15.155210006551238,23.52931938056219,89.81436020983672,116.19696994221138,146.97771810242585,146.97771810242585
128.0,8.946766600903977,14.808514365196773,23.14557702919572,89.79926646405355,116.45345384899376,147.59060625316366,147.59060625316366
129.0,8.927929434453677,14.774290647912485,23.08821332920411,89.54029917979564,116.11075691138683,147.14911536795253,147.14911536795253
130.0,9.322983667554304,15.242406701318613,23.58594328105,89.30169882490848,115.3962832359813,145.82155875052703,145.82155875052703
131.0,10.413534910234958,16.60176844594224,25.16528326628609,90.5714389868538,116.16217169243635,145.879709403916,145.879709403916
132.0,10.992290945372156,17.285603885330097,25.908057329146022,90.66468211760825,115.79290871026996,144.90694883999666,144.90694883999666
133.0,12.583201204372426,19.005049652513478,27.55053038380984,88.60375033105075,111.70508894764825,138.2826850146722,138.2826850146722
134.0,13.15054293215181,19.633399585314404,28.188480671758672,88.43339617015474,111.05832611897698,137.03247434253055,137.03247434253055
135.0,11.760184413096768,18.109420244093947,26.677286061869623,89.38085812510569,113.39999373360804,141.12912311548496,141.12912311548496
136.0,12.182630573833652,18.526480938641697,27.009967590761427,88.13903853922191,111.37069379041965,138.1312828081705,138.1312828081705
137.0,12.57479629760738,19.004009388012935,27.5630739724143,88.76009847171173,111.92498646205559,138.57866507717537,138.57866507717537
138.0,13.10626567941165,19.744429617143208,28.561471926624886,91.35406828783367,115.0743616658152,142.35131668612985,142.35131668612985
139.0,14.197515807609202,21.035220893537588,30.009180970211194,92.6019053931774,115.9906327990214,142.80320075677318,142.80320075677318
140.0,15.058596546440077,22.00109323540207,31.02163264922266,92.84155753124645,115.72619102503857,141.8905497995308,141.8905497995308
141.0,15.103375901982544,22.141925858118086,31.309650171699854,94.40909750560127,117.82124129049295,144.60643544808764,144.60643544808764
142.0,16.72634718389288,23.825818146918728,32.88469021491723,93.00246381434476,114.87054457201566,139.74604918083904,139.74604918083904
143.0,15.664301040625777,22.7441258220014,31.90222953391236,94.17365366045946,117.12809422388388,143.34027869841793,143.34027869841793
144.0,15.773139855631271,22.933788856804277,32.205594276361246,95.36027078759896,118.66224544429897,145.27852555518328,145.27852555518328
145.0,15.25188700555356,22.379886507722272,31.670141938940894,95.68586810985634,119.4524462548592,146.647891178697,146.647891178697
146.0,15.585635895157306,22.71665792196356,31.966280188323722,95.1648678702141,118.52190236932903,145.2138837621604,145.2138837621604
147.0,15.687749161791901,22.862209039874404,32.167217867232836,95.73270983228136,119.22305347600184,146.06662348277956,146.06662348277956
148.0,15.58886127845992,22.798388916255863,32.17253355447564,96.49608791753306,120.32347084491384,147.5709374902333,147.5709374902333
149.0,15.848078522759366,23.142438861128067,32.616611235023676,97.50253552427239,121.51363811620452,148.96310771650116,148.96310771650116
150.0,15.750206849707373,23.076021611080957,32.61371060955113,98.20876659056054,122.5368057227631,150.36654447808482,150.36654447808482
151.0,16.841024071801883,24.215871176288697,33.68947599619809,97.31653342462305,120.61395762767185,147.16620712579316,147.16620712579316
152.0,16.515099700054552,23.92471002784212,33.493750340062306,98.37144078654997,122.24919359791858,149.50339967017717,149.50339967017717
153.0,16.852396705291874,24.25654392554279,33.77460282206035,97.78169285324137,121.23458469572839,147.96942199091936,147.96942199091936
154.0,17.03203048386888,24.45138498599491,33.97128746379172,97.77952350550804,121.11732303133341,147.70699887757246,147.70699887757246
155.0,17.471944193361637,24.903168859248893,34.389507048746175,97.3933905308653,120.3212252599934,146.40552201423583,146.40552201423583
156.0,18.386845735433024,25.83139701475619,35.23754201459461,96.56562244930494,118.65496146018576,143.70958808138056,143.70958808138056
157.0,18.714211382519675,26.24790659427134,35.7555140026696,97.6138370020278,119.86757306991454,145.0997907013235,145.0997907013235
158.0,18.428745960598636,26.064428451015086,35.75818494799132,99.50661366165215,122.5784602670713,148.78450196340683,148.78450196340683
159.0,17.768066501404135,25.46444489206769,35.32775105928509,101.29406765020217,125.39242439809702,152.8391133672004,152.8391133672004
160.0,17.34508798695007,25.113602076070702,35.1422961844216,103.09025138783066,128.08878610419907,156.61922146280426,156.61922146280426
161.0,16.385398606407943,24.17093283744388,34.3568341674434,105.01381646670585,131.3392999474566,161.49348540312107,161.49348540312107
162.0,16.391205972132425,24.17156689751825,34.34830360204549,104.91260171664604,131.1977999189795,161.30395542224989,161.30395542224989
163.0,16.669760150910754,24.570508256710962,34.90114236317012,106.48919881093802,133.1471798127044,163.67749938024156,163.67749938024156
164.0,17.426444162565762,25.44394454174985,35.8563805336394,107.15642739338045,133.53874283133672,163.69821089641104,163.69821089641104
165.0,17.842637457910115,25.886600906692827,36.28600168722595,106.9272874524915,132.95298706166759,162.66768429900398,162.66768429900398
166.0,18.4665971849048,26.511598350576815,36.834482479193575,106.02722397356857,131.33488777327364,160.16906886661565,160.16906886661565
167.0,19.762392793073477,27.942624680985634,38.32558202651009,106.58127520072816,131.27932782742118,159.3308011298049,159.3308011298049
168.0,19.3153010093954,27.440330733293667,37.78811467969629,106.2261774501993,131.07389566084333,159.32324544600945,159.32324544600945
169.0,19.448244356999375,27.484433930323725,37.68086413463975,104.66668513682033,128.8964207379794,156.41305358801893,156.41305358801893
170.0,19.374518173845317,27.467856742426623,37.76017895345469,105.65271598700392,130.26639644331516,158.23771352532216,158.23771352532216
171.0,21.042578665372538,29.131996804054562,39.24707841586754,103.96412714224519,127.0255981620275,153.10008156071996,153.10008156071996
172.0,20.573157069791858,28.79855937325202,39.16462831973148,106.43828287204106,130.60575385127137,157.99633850662417,157.99633850662417
173.0,20.34198090086055,28.61035501107105,39.06576666956208,107.33364757378739,131.94256950598634,159.8616832041235,159.8616832041235
174.0,20.640037041423263,28.97827620026193,39.50878795001275,108.11125726186717,132.8092656268948,160.81893093214816,160.81893093214816
175.0,20.996397199011287,29.42044733447055,40.04441339409993,109.08047387126454,133.89908961955823,162.03368436840086,162.03368436840086
176.0,21.110416958899304,29.507804961509812,40.079726154962664,108.5615649006355,133.1371432383194,160.98159737590566,160.98159737590566
177.0,21.12204730990837,29.51910414548106,40.08934785462889,108.54553694572398,133.10890717467677,160.9385245785146,160.9385245785146
178.0,21.816345490702627,30.26480521839977,40.844100989744554,108.70944038358766,132.92920453020704,160.32554986108508,160.32554986108508
179.0,22.399623748613642,30.91765365291135,41.546012653011154,109.28336135032892,133.3673082642603,160.57980040585107,160.57980040585107
180.0,22.786747571554756,31.386515166498132,42.10103678239998,110.20361832344875,134.37983696377492,161.68395291464185,161.68395291464185
181.0,21.89246632740173,30.384385192433907,41.02157221446626,109.29881053564111,133.67384249309345,161.2485952211286,161.2485952211286
182.0,19.086536222515164,27.513014898843146,38.35676074362015,111.41614731028271,138.21339018958722,168.76967547648462,168.76967547648462
183.0,19.878413078561316,28.352129952329005,39.17442377372941,111.11243111791808,137.30383165452892,167.10508366193386,167.10508366193386
184.0,20.494349252161395,28.928061754454863,39.61974076236674,109.75132266828271,135.0971601489956,163.87405131919198,163.87405131919198
185.0,19.588931282994956,28.070544364614967,38.93920584314086,111.61790959521232,138.16608634034898,168.40222120482395,168.40222120482395
186.0,20.18490468387456,28.67980560610536,39.49973987700757,111.07347098965194,137.0622643211735,166.60976983354732,166.60976983354732
187.0,21.19756204352598,29.71745334795858,40.46617794513007,110.35863449905914,135.49440075461956,163.9916200471935,163.9916200471935
188.0,21.53775053641382,30.067005033205387,40.795284107059246,110.17680626553788,135.0522678353959,163.2288072278454,163.2288072278454
189.0,21.824534270438377,30.31994329768571,40.96893616983024,109.40881503983768,133.85963112451307,161.52606282688893,161.52606282688893
190.0,20.5155205785946,28.90906682258893,39.537046197826584,109.10013906799891,134.21008974471488,162.7090226483809,162.7090226483809
191.0,22.341786383865056,30.63861419800352,40.9435812715244,106.07079032344758,129.11467107576777,155.11436038056445,155.11436038056445
192.0,21.754913362844608,30.092043854319094,40.510456074400096,107.09353472251982,130.80470245174658,157.6086453746703,157.6086453746703
193.0,19.560351366924376,27.8308101024212,38.37524177746591,108.24953681109643,133.64604807788538,162.52841206426214,162.52841206426214
194.0,19.23790756314197,27.530274421757,38.14617961941197,109.01266856223799,134.8744146891867,164.3206593035892,164.3206593035892
195.0,19.95966806927121,28.421345780382083,39.215630502979174,110.81752111378489,136.85642289054977,166.47416114099113,166.47416114099113
196.0,18.792458017643998,27.29693069919823,38.301004347475995,113.16176980108392,140.76435213666872,172.28681554846253,172.28681554846253
197.0,18.706906826430227,27.08618082152408,37.90356665255999,111.19802753340869,138.16414617490273,168.9403411856349,168.9403411856349
198.0,18.938753528224215,27.33107884195219,38.139659936673404,111.06732769264214,137.8373021303334,168.36945237358688,168.36945237358688
199.0,20.349260750810014,28.876859709963604,39.72868036130365,111.39774808759495,137.39788516367483,166.95055270567048,166.95055270567048
200.0,20.760865832421224,29.27860286798652,40.070077273597946,110.77693914590722,136.31465664615752,165.30406142893787,165.30406142893787
201.0,20.473939440751053,28.984171533960474,39.79540877736873,110.97791683786082,136.7575296443579,166.04491024260196,166.04491024260196
202.0,20.656985992450497,29.11542591991276,39.82741018192704,109.96198672016708,135.28260396430198,164.02209698152353,164.02209698152353
203.0,22.257791595477144,30.58508008098089,40.942658934107826,106.57389182934018,129.83134287739696,156.08387932162677,156.08387932162677
204.0,23.85163149955955,32.204329481231305,42.46532545758104,106.01406254119048,128.2340565568033,153.21495082783667,153.21495082783667
205.0,24.390533420431076,32.8081934651775,43.121578479106006,106.6807768882172,128.83952314681298,153.72954938259033,153.72954938259033
206.0,24.47978840910478,32.91815226423178,43.25466868281345,106.93082122159265,129.12503175231782,154.05308905601933,154.05308905601933
207.0,23.11075802576289,31.450851284732185,41.75350663449523,106.21974789506123,128.8974757526626,154.4395063984577,154.4395063984577
208.0,24.227082759479224,32.480896359678916,42.57003396115089,104.47858829134898,126.0062096039522,150.16841286341193,150.16841286341193
209.0,24.30133937329309,32.441858348006775,42.3626885387707,102.89846737789662,123.87818495125663,147.40143928361422,147.40143928361422
210.0,24.04548327053841,32.002042011449916,41.67778982250792,100.48032213221202,120.80987976216076,143.58729016225305,143.58729016225305
211.0,23.25947129789878,31.255001882641277,41.044177453147945,101.29249661205435,122.28031769318444,145.8494336610474,145.8494336610474
212.0,23.473389088250308,31.468007693362047,41.23978565522261,101.19491288384937,122.0420050937159,145.4399666468372,145.4399666468372
213.0,22.484132279352586,30.49725851482066,40.372958669202454,101.90232792596703,123.49231719258906,147.7907616540719,147.7907616540719
214.0,22.205399273581605,30.308983199183274,40.34058235575963,103.35474194737631,125.57200607774584,150.61245054438032,150.61245054438032
215.0,21.846106457329544,29.97943562628174,40.08623987287576,104.0179814656601,126.65055727673564,152.190124386482,152.190124386482
216.0,19.976903523667964,28.048288950254737,38.24205534515346,104.65391478569738,128.5639092294293,155.68011318967822,155.68011318967822
217.0,22.24989256978979,30.220326826061637,40.05278356417381,101.4207274981683,122.97638562942512,147.24375034585316,147.24375034585316
218.0,25.405004869517004,33.1391278725324,42.41271291738939,97.2914091855808,115.95798374668489,136.76794506858428,136.76794506858428
219.0,25.755082708870223,33.59105007593627,42.98582449051993,98.57125820692374,117.47602311596881,138.55076679734648,138.55076679734648
220.0,26.07668884412467,34.21604516526867,44.01586357865033,102.46432935723634,122.44151117553602,144.7458049522662,144.7458049522662
221.0,26.67504463789014,34.85719745330001,44.68011639539501,102.94622696904294,122.79385185992288,144.93041739852308,144.93041739852308
222.0,26.26677156125408,34.54132846500071,44.51930906256116,104.20428102666614,124.64069877953695,147.4703066143274,147.4703066143274
223.0,26.586445432455523,35.00172975727736,45.15755922456492,105.99858126103082,126.85021683970972,150.15031962030469,150.15031962030469
224.0,26.587517978497207,34.97729240812834,45.09708774374352,105.6628963523403,126.40775525782229,149.58427131378872,149.58427131378872
225.0,26.732327542502052,34.92991087260375,44.77093206293307,103.13965912800629,123.02123559202187,145.19532281621946,145.19532281621946
226.0,26.109581498769654,34.31448562854205,44.20440319208547,103.31660003409469,123.54723327906508,146.14364196149472,146.14364196149472
227.0,26.822844613440523,35.04187483544037,44.907397537889615,103.40742438466268,123.33076793116584,145.55042080919205,145.55042080919205
228.0,25.358072169975873,33.751059398606714,43.957981863950906,105.9937080383543,127.44212452786205,151.4734759049457,151.4734759049457
229.0,24.925038335077854,33.18868976427267,43.24130427397486,104.37311827477536,125.51609677444053,149.20764621432966,149.20764621432966
230.0,23.445820320708712,31.91552972397052,42.38031746618051,107.88431567880838,130.93189596565728,156.89211448303433,156.89211448303433
231.0,22.30442938620302,30.7974957418566,41.39744634810077,108.98563165612217,133.023067585315,160.18520071997486,160.18520071997486
232.0,22.38523273562841,30.97437612089991,41.710282209884774,110.35236913019004,134.80289535245996,162.44469041047313,162.44469041047313
233.0,23.010298603897432,31.753187943299793,42.660322898819956,112.15353381696866,136.85751130484576,164.7691431347832,164.7691431347832
234.0,23.82283070983708,32.47981405653974,43.18789054223013,110.35221235624735,134.01232359202382,160.67207031866945,160.67207031866945
235.0,23.847017152919996,32.44319692266038,43.05997858207176,109.46616100613883,132.82103426593716,159.12395094498694,159.12395094498694
236.0,23.655382728574516,32.26307841783448,42.91288666920688,109.74288946902365,133.2916457774213,159.82808853946506,159.82808853946506
237.0,24.186115437259737,32.95799016552647,43.80419760574781,111.78895031288924,135.72861305441748,162.70015498756487,162.70015498756487
238.0,23.813243167424112,32.66285040495106,43.655899762245305,113.14927806940152,137.7416276985997,165.489617216936,165.489617216936
239.0,23.728150869506905,32.62933764258427,43.70645597345863,113.96347035213078,138.8737550081486,166.9965636022075,166.9965636022075
240.0,24.59211391761327,33.58055249810487,44.71077782830209,114.66355323401558,139.33492747490936,167.1439382521565,167.1439382521565
241.0,26.189975515175835,35.26148002723338,46.38325841728157,115.00806794210408,138.95020530391324,165.84934370550118,165.84934370550118
242.0,25.937961658425117,35.019959322669436,46.1765775945296,115.26870508376918,139.426255840098,166.58521471769285,166.58521471769285
243.0,26.71958680388224,35.800196599372384,46.895096495156,114.91938492513778,138.56205648350664,165.09420876697212,165.09420876697212
244.0,26.00079199798806,34.9514283786982,45.91279112723708,113.40774881698866,136.92668212974786,163.34049294573492,163.34049294573492
245.0,24.950528375665602,33.77315498931577,44.63075073095345,112.09643470685594,135.73201252913998,162.3200016121258,162.3200016121258
246.0,23.675230646529307,32.57802242235467,43.66230668096638,114.02480486152794,138.98479691418254,167.16786844989022,167.16786844989022
247.0,24.507360998086032,33.4671672509092,44.56248722667554,114.30223787135834,138.89978833423126,166.62602809847726,166.62602809847726
248.0,24.339942209292143,33.140794918131434,44.0166167751429,112.11526326786765,136.08026219168352,163.07535719615768,163.07535719615768
249.0,22.21735102839371,30.77671221176836,41.48393407020599,110.04224898682772,134.48329474852093,162.12121234539703,162.12121234539703
250.0,19.720170741863125,27.96984850868464,38.46418063609489,107.72706148894272,132.8451692057405,161.39226106139435,161.39226106139435
251.0,19.74127940355587,27.79482774844312,37.986241644053926,104.62052068527483,128.65883296352976,155.93667986570009,155.93667986570009
252.0,20.521036048138708,28.509114976879708,38.522186917104584,102.87527455873621,125.86608548642532,151.8805151949606,151.8805151949606
253.0,20.1238224072669,27.89589660057404,37.62303273841451,99.96141079741126,122.19639177425165,147.3435019710604,147.3435019710604
254.0,20.26481254801031,27.934900884978187,37.496485807629625,98.33319249700747,119.94280919075707,144.3525542321212,144.3525542321212
255.0,19.81263454447869,27.456228648949143,37.020517035285145,98.29135378106109,120.14068564068252,144.85000126712646,144.85000126712646
256.0,19.696858726068577,27.3288486515963,36.886816628304906,98.21289617120843,120.10147627303722,144.86174159347175,144.86174159347175
257.0,19.380352676636573,27.04412860055972,36.68097770240605,98.97109306527129,121.29736346021322,146.5841813555271,146.5841813555271
258.0,18.81355640900411,26.420770602269496,36.029826898939696,98.65015912783728,121.19871941102282,146.7721348108635,146.7721348108635
259.0,19.0914421796913,26.709691215613024,36.30683190322842,98.54614087759151,120.89610403979691,146.22379078448182,146.22379078448182
260.0,18.366912315501228,25.73918521247354,35.03752916435456,95.4691829200893,117.19645906974982,141.8273411537223,141.8273411537223
261.0,16.84618784344814,24.18163084223752,33.59304374983174,96.66431723932666,119.73061016242963,146.01029777235456,146.01029777235456
262.0,14.451646866733238,21.511710234620068,30.808558918214953,96.0331995965541,120.4804147787714,148.5309951841532,148.5309951841532
263.0,14.339278572312548,21.267805630557213,30.367892718275264,93.92486854354017,117.69057918508453,144.9407750716002,144.9407750716002
264.0,14.022411919300044,20.946823266783273,30.088288187672934,94.50771855491307,118.70926618604037,146.4963215697898,146.4963215697898
265.0,13.287497680149167,20.140986416541175,29.284491706177402,94.90309989733463,119.78917408220306,148.438701322514,148.438701322514
266.0,14.560757410441827,21.509894201396804,30.610815352574182,93.8545402235944,117.44032092634282,144.46367373644094,144.46367373644094
267.0,14.336411509079122,21.14766166905901,30.058682708309213,91.86955273627756,114.89862568772003,141.27681210727508,141.27681210727508
268.0,13.675536212289217,20.48381547395486,29.489419045195287,93.16577351465911,117.13029906161992,144.6589748911883,144.6589748911883
269.0,12.823171155371897,19.563523479613995,28.598241529714464,93.96050736554648,118.85188483629896,147.54083527828405,147.54083527828405
270.0,12.607293049504424,19.257314246128402,28.178697839958797,92.81746095553294,117.45206858654694,145.85115197105796,145.85115197105796
271.0,11.060593452006447,17.480434639654383,26.308345322123117,93.01769032142413,118.98233588284276,149.09071993760816,149.09071993760816
272.0,9.885446972109508,15.966415935293066,24.461748301673634,90.38811471012079,116.38167599532827,146.63075533954242,146.63075533954242
273.0,10.790758930064328,16.96999209983565,25.43661669432518,89.02892742067509,113.70650192805655,142.2987766779675,142.2987766779675
274.0,10.227826002310808,16.34071847260367,24.813198789918705,89.6942193984044,115.11192992495452,144.63890578186448,144.63890578186448
275.0,9.354363736983567,15.369197045473411,23.877816837205017,91.29601624301908,118.14251639002896,149.46856253743533,149.46856253743533
276.0,8.983884828789147,14.941758460275295,23.44552927114,91.82998078634712,119.25098091565113,151.3075118606167,151.3075118606167
277.0,7.285736757427005,12.846117524708042,21.131779698699372,92.61059241636546,122.19963483115764,157.08527662998364,157.08527662998364
278.0,7.810731955608262,13.489096953489721,21.821722260126016,91.94170782219493,120.64900987829469,154.39633483857568,154.39633483857568
279.0,10.241157535780646,16.49298859603143,25.20854041900011,92.60463388332623,119.13242523562441,149.9888091000174,149.9888091000174
280.0,11.116401535117806,17.56992752820648,26.444632671130652,93.51364356480106,119.6194368799618,149.89186560626675,149.89186560626675
281.0,11.564020224897574,18.13105918443345,27.109280682647885,94.29339054417404,120.31678284972017,150.4529763396552,150.4529763396552
282.0,11.383589813974439,17.944591623993958,26.949726778441452,94.78319670028566,121.14427914773206,151.6992140711424,151.6992140711424
283.0,10.88574529028013,17.48723036538667,26.673437934017663,97.492107661488,125.32596362957466,157.6884486164575,157.6884486164575
284.0,9.68751370721719,16.133853028141477,25.343967939073327,99.5301433960329,129.30027205122911,164.1102210249789,164.1102210249789
285.0,9.409643748354032,15.818722340002532,25.038885077514145,100.15277359770253,130.45398728571305,165.9350324793074,165.9350324793074
286.0,8.426279763702127,14.56430828112768,23.577019348230746,99.49610367508386,130.59158052334197,167.15073187063493,167.15073187063493
287.0,8.476133794956416,14.641569868180959,23.690458485208254,99.85865791182961,131.04593806029195,167.7098332697815,167.7098332697815
288.0,8.124642844371563,14.154515173580196,23.060356291444016,98.79455750224439,129.94631520385892,166.61284012914388,166.61284012914388
289.0,7.576444089013099,13.421266054679576,22.16101366497428,97.97936446832526,129.44197449470545,166.56051782182834,166.56051782182834
290.0,7.243658672024123,13.042474955731679,21.818974318604575,99.4496801344544,131.93816918018484,170.35200218083222,170.35200218083222
291.0,5.378236184007699,10.542245324324703,18.871341235158564,100.3347613735369,135.88561499920746,178.37502211517725,178.37502211517725
292.0,6.37331082162597,11.928950334869787,20.584163430068504,100.74750937552999,134.958580701469,175.61458709741873,175.61458709741873
293.0,6.469847276277456,12.097739805361357,20.85906844672649,101.91087328260369,136.4842889790652,177.5657625016879,177.5657625016879
294.0,5.747732168830038,11.048378182984827,19.47294017028637,99.99391664596413,134.80713374896393,176.31652500897684,176.31652500897684
295.0,6.132156884903121,11.558057859457511,20.05549946397826,99.41084419561794,133.3939030976761,173.8146637588719,173.8146637588719
296.0,6.243576404595825,11.691112469094369,20.18062019311331,98.8489393936884,132.42906523518496,172.3374279526197,172.3374279526197
297.0,6.365556197505017,11.91906545876784,20.57347610455966,100.7662548920594,134.9964618142417,175.67721748761184,175.67721748761184
298.0,5.619204196453133,10.912098254937035,19.389160632492295,101.39228369504455,137.0201434205034,179.55372084853866,179.55372084853866
299.0,5.666064298845873,10.959094242731819,19.41084590888763,100.78401674124297,136.07053810440232,178.17613489392207,178.17613489392207
300.0,5.011750514417121,10.063786170273449,18.362143744056514,101.85930759761993,138.7111262116209,182.88077449551253,182.88077449551253
301.0,5.660928417489025,11.08333256599659,19.821449522406752,105.16718402925201,142.39158180953936,186.87490380885788,186.87490380885788
302.0,7.123642136519318,13.140502379247033,22.412709906627473,106.82079528378145,142.58284239878978,185.00255834776272,185.00255834776272
303.0,6.723918706960561,12.585922219688378,21.718825050787366,106.31233422084681,142.41509964588585,185.31949124677345,185.31949124677345
304.0,6.586215893096821,12.388928581011234,21.46280166261132,105.99989015935941,142.16618444747883,185.17285590838867,185.17285590838867
305.0,7.230655253748137,13.243151508383928,22.459466104945744,105.6518276858044,140.77241490798707,182.39254060619226,182.39254060619226
306.0,6.287771226848891,12.07723419506963,21.27342193126737,109.09046807888512,147.04418597443413,192.29390400551557,192.29390400551557
307.0,5.448799030439239,10.941095977305368,19.962429269471222,110.73117137223042,150.79182264458615,198.80734285198264,198.80734285198264
308.0,5.90726266675301,11.654224205841286,20.96882278997322,112.7655264247766,152.94795948025734,201.00984737454422,201.00984737454422
309.0,6.198534978364214,12.015744737355773,21.320091908311404,111.13773321304177,150.12766779211285,196.66496477285378,196.66496477285378
310.0,5.850888579201165,11.506463307010225,20.65103977164777,110.43670186763401,149.68022332711314,196.60139964184222,196.60139964184222
311.0,5.5673195718845845,11.106736287328628,20.160895154043374,110.56806203750374,150.34914875527392,197.99353624790487,197.99353624790487
312.0,5.8167837649323975,11.454278640717396,20.578568912389862,110.30219272560196,149.54263193228388,196.4673844057784,196.4673844057784
313.0,5.882725326754475,11.55003077588545,20.70219593757696,110.38838625162043,149.55797809002487,196.38156365628126,196.38156365628126
314.0,6.365240915026295,12.291194256821694,21.74188420399341,112.55666884073494,151.9064242157994,198.8510690683408,198.8510690683408
315.0,6.2887979808032055,12.210846429354339,21.694648451818928,113.42273149588266,153.27336820552856,200.84748620033068,200.84748620033068
316.0,7.3830673101490145,13.75697010589127,23.653642499957144,114.82891191319023,153.65295287264607,199.76452500975722,199.76452500975722
317.0,7.879293440316862,14.474276252673233,24.605991219358287,116.38591041340277,155.1902529836499,201.19381288787733,201.19381288787733
318.0,7.549307425430961,14.166651417895665,24.495886176892768,120.45697136946777,161.46233169415527,210.20858025025672,210.20858025025672
319.0,7.157798395541334,13.736162865377901,24.17851417641945,123.79137230490917,166.82473970245556,218.1250046439277,218.1250046439277
320.0,5.577072425157071,11.645876421685417,21.91480589651195,130.08761607345647,178.68696966098355,237.19586217422636,237.19586217422636
321.0,5.512692797585358,11.649393187122275,22.12785614670854,134.05642723737887,184.61026661217176,245.55198591276064,245.55198591276064
322.0,4.465120119191311,10.087499427450563,20.1916472895811,136.8715098250336,191.11015245996055,256.9557056147009,256.9557056147009
323.0,4.9103376415105435,10.800235561097045,21.16974048974156,137.2337909669124,190.57697968617506,255.1568871450701,255.1568871450701
324.0,7.1984856033154765,14.20943790664911,25.57740993079555,137.6828229135072,186.76771857580718,245.48159712193873,245.48159712193873
325.0,7.299961317631844,14.418943706551056,25.967643092254097,139.94078168986462,189.85840986944535,249.57289295344137,249.57289295344137
326.0,7.002560718696652,14.01519667269406,25.505341059150425,140.67197875315384,191.42381243377628,252.23038438788907,252.23038438788907
327.0,6.848063120170633,13.75346599870353,25.097553818318872,139.26287330501287,189.65409632726144,250.05289785618342,250.05289785618342
328.0,6.322482067035775,12.944099943769592,23.981443505816948,137.5896593351828,188.17841595159106,248.94765664014338,248.94765664014338
329.0,6.168842603461341,12.744749260839669,23.78173619320502,138.6009799211725,189.93964190950246,251.67286761240337,251.67286761240337
330.0,6.003733309683457,12.546304795023907,23.62326472603486,140.41117994060616,192.89882450352118,256.0941339810446,256.0941339810446
331.0,5.816897765424625,12.209079045603252,23.067470432649703,138.13739060498105,189.9537344289579,252.3708861102048,252.3708861102048
332.0,5.5617446879623875,11.844680291819872,22.636577202105844,138.9642357459716,191.6852650713856,255.29321191362087,255.29321191362087
333.0,5.439190895242436,11.716578448672914,22.593296834954785,141.40788624757357,195.52552721261569,260.8987073831033,260.8987073831033
334.0,5.393660275766372,11.72148802010253,22.759855525299656,144.58891281126964,200.29256657121306,267.64486379473516,267.64486379473516
335.0,5.022149817858418,11.16353318802837,22.06380581743284,145.58171307902063,202.60732266376417,271.7212772741446,271.7212772741446
336.0,5.943183808178507,12.552694334234777,23.834092984109187,144.26754248443447,198.65041909265267,264.20431388465033,264.20431388465033
337.0,6.416494696840239,13.322019788449774,24.955825341796366,146.68554821622797,201.23517195741115,266.8657170640102,266.8657170640102
338.0,6.8477758057173785,13.979505861062947,25.841373088167835,147.52797675982487,201.64348400896512,266.6280931106791,266.6280931106791
339.0,7.380352494365148,14.799146688090419,26.97209328339878,149.25237469214434,203.1860777208983,267.81905052368614,267.81905052368614
340.0,6.948665121497158,14.254841989346748,26.451927747917015,152.2947773650873,208.3829176503516,275.773640645561,275.773640645561
341.0,7.478631003024006,15.084022641612268,27.618407315579994,154.3951159452415,210.46301602355607,277.6990153869438,277.6990153869438
342.0,7.113131072003354,14.571456652156746,27.009083071267387,155.11962973581248,212.18154752674604,280.73122153420906,280.73122153420906
343.0,7.357167746542853,14.986587144674631,27.655197958703145,157.2850178549032,214.87546127195915,284.015716252297,284.015716252297
344.0,7.3120280819984975,14.946475744094181,27.65688682146305,158.24512230597335,216.3533297370731,286.1427759556003,286.1427759556003
345.0,7.3484130002413375,15.104197303597239,28.070963194892038,162.15953682787475,221.97542138804693,293.86084487047043,293.86084487047043
346.0,9.019811835786,17.42582515562578,30.836737509863692,159.78239586332506,215.6675016567665,282.3430361262133,282.3430361262133
347.0,9.470205587921038,17.957337166537982,31.308979567001874,156.8855875458529,210.82092662506955,275.02208946529436,275.02208946529436
348.0,9.726931709334226,18.202262651870573,31.404112455929177,153.64856104330525,205.81325291913254,267.80352550419536,267.80352550419536
349.0,10.308966417552229,19.040963597540795,32.51035467897001,155.31582929042685,207.37999801580526,269.14712855895397,269.14712855895397
350.0,9.51456134391757,18.02656586028673,31.40905410206769,157.1531406498971,211.13865621077306,275.3929201247782,275.3929201247782
351.0,9.435752495296503,17.9924081159552,31.510065788437448,159.4911383703504,214.6091450589754,280.26378339590167,280.26378339590167
352.0,9.724176288521907,18.38918472328779,31.99307745366783,159.53449714290787,214.24145733395414,279.339104119371,279.339104119371
353.0,6.917924587218854,14.485064242564881,27.31578383434661,162.90428820922835,223.89468652300084,297.3432341552658,297.3432341552658
354.0,6.483514894352609,13.819441885540597,26.428156116360572,162.47410603979725,224.15464018147483,298.57905576201983,298.57905576201983
355.0,5.823689459621262,12.872194981532367,25.328305562883934,165.54810459231,230.1287832436435,308.3534080642253,308.3534080642253
356.0,5.642311768878668,12.659323325091785,25.20307428242787,168.8945736663189,235.49585348736326,316.29268497853917,316.29268497853917
357.0,5.640639360809749,12.740232674054349,25.496836333815672,172.76646130978017,241.21805021715687,324.31610593026284,324.31610593026284
358.0,5.3229298831755125,12.24452475578743,24.857691585961337,173.60677378890242,243.2753343709728,328.00679374953484,328.00679374953484
359.0,5.591535574382596,12.656465904257594,25.371769468358707,172.53225431268612,240.99474808701362,324.12417465437557,324.12417465437557
360.0,5.569556055974411,12.608440881311346,25.278202621964766,171.93499732768697,240.16707754763874,323.01787939678746,323.01787939678746
361.0,5.891646990888411,13.140886085672866,26.041095181181813,172.80187276279523,240.6560302087633,322.9228370200333,322.9228370200333
362.0,5.8210548402832,13.010870791185372,25.826094746139802,171.97922082832406,239.6128748676414,321.6301621522454,321.6301621522454
363.0,5.85729648019036,13.100852670660146,26.01866399263423,173.45951844284858,241.70887017580876,324.47862702689974,324.47862702689974
364.0,5.622001688400083,12.715874306954092,25.475893692759207,173.0247473846406,241.6463096222495,324.9625293740935,324.9625293740935
365.0,5.620358461999277,12.745029022688076,25.585937409984748,174.51759698075122,243.85726558311225,328.0674270633367,328.0674270633367
