0, 2004-08-12T17:00:00, 2004-08-12T19:00:00, 34000.0, [1311.8490334    0.       ],  1311.8,  25.9
1, 2004-08-24T10:00:00, 2004-08-24T12:00:00, 36000.0, [3430.2186332  1585.70788713],  5015.9,  7.2
2, 2004-10-26T17:00:00, 2004-10-26T19:00:00, 4000.0, [1278.13053758  275.83277847],  1554.0,  2.6
3, 2005-05-28T22:00:00, 2005-05-29T00:00:00, 86000.0, [1061.59096032  211.68729263],  1273.3,  67.5
4, 2005-06-03T20:00:00, 2005-06-03T22:00:00, 28000.0, [0. 0.],  0.0,  inf
5, 2005-06-13T21:00:00, 2005-06-13T23:00:00, 23000.0, [211.68729263 763.02664279],  974.7,  23.6
6, 2005-07-04T22:00:00, 2005-07-05T00:00:00, 21000.0, [0. 0.],  0.0,  inf
7, 2005-07-18T20:00:00, 2005-07-18T22:00:00, 12000.0, [419.99707825   0.        ],  420.0,  28.6
8, 2005-08-02T13:00:00, 2005-08-02T15:00:00, 4000.0, [23489.75153862  5785.99754347],  29275.7,  0.1
9, 2005-08-18T22:00:00, 2005-08-19T00:00:00, 4000.0, [0. 0.],  0.0,  inf
10, 2006-06-24T20:00:00, 2006-06-24T22:00:00, 55000.0, [345.4006432   0.       ],  345.4,  159.2
11, 2006-06-27T22:00:00, 2006-06-28T00:00:00, 45000.0, [27803.80465116   345.4006432 ],  28149.2,  1.6
12, 2006-07-18T18:00:00, 2006-07-18T20:00:00, 10000.0, [26170.14699867   858.88399203],  27029.0,  0.4
13, 2006-07-28T11:00:00, 2006-07-28T13:00:00, 7000.0, [0. 0.],  0.0,  inf
14, 2006-10-03T14:00:00, 2006-10-03T16:00:00, 10000.0, [18885.31635504   583.05502019],  19468.4,  0.5
15, 2007-05-28T02:00:00, 2007-05-28T04:00:00, 18600.0, [  23.05672042 1874.85309716],  1897.9,  9.8
16, 2007-06-10T21:00:00, 2007-06-10T23:00:00, 50500.0, [7.35640349e+03 1.39132151e+00],  7357.8,  6.9
17, 2007-06-15T12:00:00, 2007-06-15T14:00:00, 26750.0, [31037.37488372  2086.52812758],  33123.9,  0.8
18, 2007-07-21T18:00:00, 2007-07-21T20:00:00, 4560.0, [2404.20356434  858.88399203],  3263.1,  1.4
19, 2008-06-16T20:00:00, 2008-06-16T22:00:00, 10000.0, [2404.20356434  583.05502019],  2987.3,  3.3
20, 2008-07-01T18:00:00, 2008-07-01T20:00:00, 60000.0, [35079.33767442     0.        ],  35079.3,  1.7
21, 2008-08-31T19:00:00, 2008-08-31T21:00:00, 8000.0, [3586.44580384 3276.32818626],  6862.8,  1.2
22, 2009-07-28T23:00:00, 2009-07-29T01:00:00, nan, [0. 0.],  0.0,  nan
23, 2009-08-09T19:00:00, 2009-08-09T21:00:00, 57000.0, [48.08910768  0.        ],  48.1,  1185.3
24, 2010-07-22T18:00:00, 2010-07-22T20:00:00, nan, [679.96302236 419.99707825],  1100.0,  nan
25, 2011-05-31T17:00:00, 2011-05-31T19:00:00, nan, [2684.88102623 1507.66963469],  4192.6,  nan
26, 2011-06-29T20:00:00, 2011-06-29T22:00:00, nan, [499.30344866   0.        ],  499.3,  nan
27, 2011-07-13T16:00:00, 2011-07-13T18:00:00, nan, [275.83277847   0.        ],  275.8,  nan
28, 2011-07-19T19:00:00, 2011-07-19T21:00:00, nan, [0. 0.],  0.0,  nan
29, 2011-10-07T02:00:00, 2011-10-07T04:00:00, nan, [499.30344866  57.83614896],  557.1,  nan
30, 2012-06-08T15:00:00, 2012-06-08T17:00:00, nan, [3.2125678 0.       ],  3.2,  nan
31, 2012-06-08T16:00:00, 2012-06-08T18:00:00, 10000.0, [   0.         2097.61138269],  2097.6,  4.8
32, 2012-07-29T02:00:00, 2012-07-29T04:00:00, 35000.0, [6797.99495189  275.83277847],  7073.8,  4.9
33, 2012-08-05T02:00:00, 2012-08-05T04:00:00, 45000.0, [0.         4.52660722],  4.5,  9941.2
34, 2012-09-12T09:00:00, 2012-09-12T11:00:00, 15000.0, [3110.38322421   37.21527303],  3147.6,  4.8
35, 2012-10-09T03:00:00, 2012-10-09T05:00:00, 2000.0, [2003.054545    419.99707825],  2423.1,  0.8
36, 2013-07-22T17:00:00, 2013-07-22T19:00:00, 65000.0, [0. 0.],  0.0,  inf
37, 2013-07-29T08:00:00, 2013-07-29T10:00:00, 25000.0, [4916.53885688 7557.27485594],  12473.8,  2.0
38, 2013-08-08T11:00:00, 2013-08-08T13:00:00, 57000.0, [3659.85659292    0.        ],  3659.9,  15.6
39, 2013-08-24T14:00:00, 2013-08-24T16:00:00, 31000.0, [1637.76148578    0.        ],  1637.8,  18.9
40, 2013-09-08T20:00:00, 2013-09-08T22:00:00, 44000.0, [1627.09146405    0.        ],  1627.1,  27.0
41, 2014-05-07T16:00:00, 2014-05-07T18:00:00, 5000.0, [0. 0.],  0.0,  inf
42, 2014-07-08T10:00:00, 2014-07-08T12:00:00, 11373.0, [78.29126571  0.        ],  78.3,  145.3
43, 2014-07-12T15:00:00, 2014-07-12T17:00:00, 85000.0, [0. 0.],  0.0,  inf
44, 2014-07-20T21:00:00, 2014-07-20T23:00:00, 13000.0, [20528.27162791     0.        ],  20528.3,  0.6
45, 2014-07-23T23:00:00, 2014-07-24T01:00:00, 13000.0, [   0.         1278.13053758],  1278.1,  10.2
46, 2014-07-28T17:00:00, 2014-07-28T19:00:00, 84000.0, [2543.2513724 2543.2513724],  5086.5,  16.5
47, 2014-07-29T00:00:00, 2014-07-29T02:00:00, 30000.0, [2543.2513724 2543.2513724],  5086.5,  5.9
48, 2014-09-08T20:00:00, 2014-09-08T22:00:00, 34000.0, [0. 0.],  0.0,  inf
49, 2015-07-22T15:00:00, 2015-07-22T17:00:00, 8700.0, [0. 0.],  0.0,  inf
50, 2015-08-10T00:00:00, 2015-08-10T02:00:00, 6100.0, [6764.72807334  671.02727355],  7435.8,  0.8
51, 2015-08-14T16:00:00, 2015-08-14T18:00:00, 25000.0, [   0.         2654.39426592],  2654.4,  9.4
52, 2015-08-15T13:00:00, 2015-08-15T15:00:00, 2000.0, [2374.82278984 4005.89813828],  6380.7,  0.3
53, 2015-09-14T02:00:00, 2015-09-14T04:00:00, 16000.0, [2267.78646344  419.99707825],  2687.8,  6.0
54, 2016-05-13T01:00:00, 2016-05-13T03:00:00, 25000.0, [1627.09146405 2543.2513724 ],  4170.3,  6.0
55, 2016-05-29T10:00:00, 2016-05-29T12:00:00, 85000.0, [1335.76770257   28.33538218],  1364.1,  62.3
56, 2016-07-12T01:00:00, 2016-07-12T03:00:00, 10000.0, [ 23.05672042 419.99707825],  443.1,  22.6
57, 2016-07-12T10:00:00, 2016-07-12T12:00:00, 60000.0, [2360.27707895  253.15947864],  2613.4,  23.0
58, 2017-05-19T12:00:00, 2017-05-19T13:00:00, nan, [0.],  0.0,  nan
59, 2017-05-29T18:00:00, 2017-05-29T20:00:00, 70000.0, [21875.59255814    23.05672042],  21898.6,  3.2
60, 2017-06-04T01:00:00, 2017-06-04T03:00:00, 24000.0, [419.99707825 101.85552029],  521.9,  46.0
61, 2017-06-14T21:00:00, 2017-06-14T23:00:00, 33000.0, [6571.20623094  101.85552029],  6673.1,  4.9
62, 2017-08-18T21:00:00, 2017-08-18T23:00:00, nan, [5270.31907405  419.99707825],  5690.3,  nan
63, 2018-06-11T11:00:00, 2018-06-11T12:00:00, 35000.0, [],  0.0,  inf
64, 2018-06-12T18:00:00, 2018-06-12T20:00:00, nan, [],  0.0,  nan
65, 2018-07-25T17:00:00, 2018-07-25T18:00:00, 40000.0, [],  0.0,  inf
66, 2018-08-08T18:00:00, 2018-08-08T18:00:00, 80000.0, [],  0.0,  inf
67, 2019-06-10T19:00:00, 2019-06-10T20:00:00, 2313.0, [],  0.0,  inf
68, 2019-06-10T22:00:00, 2019-06-11T00:00:00, 5584.0, [],  0.0,  inf
69, 2019-06-21T21:00:00, 2019-06-21T23:00:00, 105599.0, [],  0.0,  inf
70, 2019-07-02T00:00:00, 2019-07-02T02:00:00, 73144.0, [],  0.0,  inf
71, 2019-07-03T00:00:00, 2019-07-03T02:00:00, 4959.0, [],  0.0,  inf
72, 2019-07-15T05:00:00, 2019-07-15T06:00:00, 11400.0, [],  0.0,  inf
73, 2019-07-26T19:00:00, 2019-07-26T20:00:00, 95316.0, [],  0.0,  inf
74, 2019-08-11T18:00:00, 2019-08-11T20:00:00, 73624.0, [],  0.0,  inf
75, 2019-08-20T18:00:00, 2019-08-20T19:00:00, 7078.0, [],  0.0,  inf
76, 2020-04-28T19:00:00, 2020-04-28T21:00:00, 21548.0, [],  0.0,  inf
77, 2020-05-10T05:00:00, 2020-05-10T06:00:00, 5029.0, [],  0.0,  inf
78, 2020-06-04T16:00:00, 2020-06-04T18:00:00, 92424.0, [],  0.0,  inf
79, 2020-06-08T19:00:00, 2020-06-08T20:00:00, 5872.0, [],  0.0,  inf
80, 2020-06-17T02:00:00, 2020-06-17T02:00:00, 5053.0, [],  0.0,  inf
81, 2020-06-29T07:00:00, 2020-06-29T08:00:00, 8937.0, [],  0.0,  inf
82, 2020-08-17T00:00:00, 2020-08-17T01:00:00, 1956.0, [],  0.0,  inf
83, 2020-08-30T07:00:00, 2020-08-30T13:00:00, 108407.0, [],  0.0,  inf
84, 2020-10-02T21:00:00, 2020-10-02T23:00:00, 5855.0, [],  0.0,  inf
85, 2020-10-03T06:00:00, 2020-10-03T09:00:00, 7406.0, [],  0.0,  inf
86, 2021-05-11T15:00:00, 2021-05-11T18:00:00, 17741.0, [],  0.0,  inf
87, 2021-05-16T18:00:00, 2021-05-16T21:00:00, 18972.0, [],  0.0,  inf
88, 2021-05-22T00:00:00, 2021-05-22T02:00:00, 18044.0, [],  0.0,  inf
89, 2021-06-05T10:00:00, 2021-06-05T10:00:00, 7963.0, [],  0.0,  inf
90, 2021-06-22T21:00:00, 2021-06-22T23:00:00, 6175.0, [],  0.0,  inf
91, 2021-06-24T16:00:00, 2021-06-24T19:00:00, 114424.0, [],  0.0,  inf
92, 2021-07-06T20:00:00, 2021-07-06T21:00:00, 81905.0, [],  0.0,  inf
93, 2021-07-13T07:00:00, 2021-07-13T10:00:00, nan, [],  0.0,  nan
94, 2021-07-13T17:00:00, 2021-07-13T20:00:00, 50861.0, [],  0.0,  inf
95, 2021-07-16T05:00:00, 2021-07-16T07:00:00, 93833.0, [],  0.0,  inf
96, 2021-08-07T15:00:00, 2021-08-07T17:00:00, 45299.0, [],  0.0,  inf
97, 2021-09-19T08:00:00, 2021-09-19T13:00:00, 9791.0, [],  0.0,  inf
98, 2022-06-05T12:00:00, 2022-06-05T13:00:00, 53958.0, [],  0.0,  inf
99, 2022-06-30T21:00:00, 2022-06-30T22:00:00, 25471.0, [],  0.0,  inf
100, 2022-07-04T22:00:00, 2022-07-04T23:00:00, 115963.0, [],  0.0,  inf
101, 2022-09-08T01:00:00, 2022-09-08T02:00:00, 12958.0, [],  0.0,  inf
